[ticker1,ticker2]   [trend1, trend2, trend3]    [year1, year2, year3]
['AA', 'ARNC'] [-36.2, 61.4, -16.4] [2002, 2003, 2004]	
['AA', 'ARNC'] [61.4, -16.4, -4.6] [2003, 2004, 2005]	
['AA', 'ARNC'] [-16.4, -4.6, 0.4] [2004, 2005, 2006]	
['AA', 'ARNC'] [-4.6, 0.4, 24.6] [2005, 2006, 2007]	
['AA', 'ARNC'] [0.4, 24.6, -68.8] [2006, 2007, 2008]	
['AA', 'ARNC'] [24.6, -68.8, 33.1] [2007, 2008, 2009]	
['AA', 'ARNC'] [-68.8, 33.1, -7.6] [2008, 2009, 2010]	
['AA', 'ARNC'] [33.1, -7.6, -45.3] [2009, 2010, 2011]	
['AA', 'ARNC'] [-7.6, -45.3, -6.0] [2010, 2011, 2012]	
['AA', 'ARNC'] [-45.3, -6.0, 18.2] [2011, 2012, 2013]	
['AA', 'ARNC'] [-6.0, 18.2, 50.0] [2012, 2013, 2014]	
['AA', 'ARNC'] [18.2, 50.0, -37.8] [2013, 2014, 2015]	
['APTV', 'DLPH'] [1.0, 72.0, 54.7] [2011, 2012, 2013]	
['APTV', 'DLPH'] [72.0, 54.7, 22.4] [2012, 2013, 2014]	
['APTV', 'DLPH'] [54.7, 22.4, 18.1] [2013, 2014, 2015]	
['APTV', 'DLPH'] [22.4, 18.1, -19.8] [2014, 2015, 2016]	
['ENR', 'EPC'] [-8.6, -6.8, 46.1] [2000, 2001, 2002]	
['ENR', 'EPC'] [-6.8, 46.1, 31.4] [2001, 2002, 2003]	
['ENR', 'EPC'] [46.1, 31.4, 34.8] [2002, 2003, 2004]	
['ENR', 'EPC'] [31.4, 34.8, 3.0] [2003, 2004, 2005]	
['ENR', 'EPC'] [34.8, 3.0, 40.9] [2004, 2005, 2006]	
['ENR', 'EPC'] [3.0, 40.9, 56.0] [2005, 2006, 2007]	
['ENR', 'EPC'] [40.9, 56.0, -51.7] [2006, 2007, 2008]	
['ENR', 'EPC'] [56.0, -51.7, 5.5] [2007, 2008, 2009]	
['ENR', 'EPC'] [-51.7, 5.5, 16.4] [2008, 2009, 2010]	
['ENR', 'EPC'] [5.5, 16.4, 5.7] [2009, 2010, 2011]	
['ENR', 'EPC'] [16.4, 5.7, 0.9] [2010, 2011, 2012]	
['ENR', 'EPC'] [5.7, 0.9, 32.9] [2011, 2012, 2013]	
['ENR', 'EPC'] [0.9, 32.9, 19.9] [2012, 2013, 2014]	
['EVGBC', 'IVFVC'] [-0.0, -0.0, 0.0] [2016, 2017, 2018]	
['GCI', 'TGNA'] [-19.9, 8.7, 4.1] [2000, 2001, 2002]	
['GCI', 'TGNA'] [8.7, 4.1, 21.0] [2001, 2002, 2003]	
['GCI', 'TGNA'] [4.1, 21.0, -7.9] [2002, 2003, 2004]	
['GCI', 'TGNA'] [21.0, -7.9, -25.4] [2003, 2004, 2005]	
['GCI', 'TGNA'] [-7.9, -25.4, -2.5] [2004, 2005, 2006]	
['GCI', 'TGNA'] [-25.4, -2.5, -35.0] [2005, 2006, 2007]	
['GCI', 'TGNA'] [-2.5, -35.0, -78.8] [2006, 2007, 2008]	
['GCI', 'TGNA'] [-35.0, -78.8, 73.1] [2007, 2008, 2009]	
['GCI', 'TGNA'] [-78.8, 73.1, -1.7] [2008, 2009, 2010]	
['GCI', 'TGNA'] [73.1, -1.7, -13.3] [2009, 2010, 2011]	
['GCI', 'TGNA'] [-1.7, -13.3, 30.4] [2010, 2011, 2012]	
['GCI', 'TGNA'] [-13.3, 30.4, 60.0] [2011, 2012, 2013]	
['GCI', 'TGNA'] [30.4, 60.0, 7.9] [2012, 2013, 2014]	
['GOOG', 'GOOGL'] [92.1, 104.7, 5.8] [2004, 2005, 2006]	
['GOOG', 'GOOGL'] [104.7, 5.8, 47.9] [2005, 2006, 2007]	
['GOOG', 'GOOGL'] [5.8, 47.9, -55.1] [2006, 2007, 2008]	
['GOOG', 'GOOGL'] [47.9, -55.1, 92.9] [2007, 2008, 2009]	
['GOOG', 'GOOGL'] [-55.1, 92.9, -5.2] [2008, 2009, 2010]	
['GOOG', 'GOOGL'] [92.9, -5.2, 6.9] [2009, 2010, 2011]	
['GOOG', 'GOOGL'] [-5.2, 6.9, 6.3] [2010, 2011, 2012]	
['GOOG', 'GOOGL'] [6.9, 6.3, 55.0] [2011, 2012, 2013]	
['HRG', 'SPB'] [-67.5, 71.9, 11.9] [2000, 2001, 2002]	
['HRG', 'SPB'] [71.9, 11.9, 88.9] [2001, 2002, 2003]	
['HRG', 'SPB'] [11.9, 88.9, 6.4] [2002, 2003, 2004]	
['HRG', 'SPB'] [88.9, 6.4, -24.1] [2003, 2004, 2005]	
['HRG', 'SPB'] [6.4, -24.1, 20.3] [2004, 2005, 2006]	
['HRG', 'SPB'] [-24.1, 20.3, 5.5] [2005, 2006, 2007]	
['HRG', 'SPB'] [20.3, 5.5, -17.5] [2006, 2007, 2008]	
['HRG', 'SPB'] [5.5, -17.5, 16.0] [2007, 2008, 2009]	
['HRG', 'SPB'] [-17.5, 16.0, -14.1] [2008, 2009, 2010]	
['HRG', 'SPB'] [16.0, -14.1, -34.7] [2009, 2010, 2011]	
['HRG', 'SPB'] [-14.1, -34.7, 88.0] [2010, 2011, 2012]	
['HRG', 'SPB'] [-34.7, 88.0, 53.1] [2011, 2012, 2013]	
['HRG', 'SPB'] [88.0, 53.1, 18.1] [2012, 2013, 2014]	
['HRG', 'SPB'] [53.1, 18.1, -2.7] [2013, 2014, 2015]	
['HRG', 'SPB'] [18.1, -2.7, 17.6] [2014, 2015, 2016]	
['HRG', 'SPB'] [-2.7, 17.6, 9.5] [2015, 2016, 2017]	
['HRI', 'HTZ'] [10.6, -8.0, -66.8] [2006, 2007, 2008]	
['HRI', 'HTZ'] [-8.0, -66.8, 124.5] [2007, 2008, 2009]	
['HRI', 'HTZ'] [-66.8, 124.5, 22.0] [2008, 2009, 2010]	
['HRI', 'HTZ'] [124.5, 22.0, -20.3] [2009, 2010, 2011]	
['HRI', 'HTZ'] [22.0, -20.3, 36.2] [2010, 2011, 2012]	
['HRI', 'HTZ'] [-20.3, 36.2, 70.4] [2011, 2012, 2013]	
['HRI', 'HTZ'] [36.2, 70.4, -13.0] [2012, 2013, 2014]	
['HRI', 'HTZ'] [70.4, -13.0, -43.1] [2013, 2014, 2015]	
['MSG', 'MSGN'] [18.6, 11.7, 57.0] [2010, 2011, 2012]	
['MSG', 'MSGN'] [11.7, 57.0, 26.8] [2011, 2012, 2013]	
['MSG', 'MSGN'] [57.0, 26.8, 31.0] [2012, 2013, 2014]	
['SHV', 'SHY', 'VGSH'] [0.0, 0.0, 0.0] [2012, 2013, 2014]	
['SHY', 'VGSH'] [-0.0, 0.0, -0.2] [2013, 2014, 2015]	
